1 26 25  0  0  0  0  0
25 21  2  0  0  0  0  0
0  0  0  0  0  0  0  0
26 27  0  0  0  0  0  0
0  0  0  0  0  0  0  0
29  0  0  0  0  0  0  0
29 28  0  0  0  0  0  0
23 21  0  0  0  0  0  0
33 20 21  3  0  0  0  0
21  4  0  0  0  0  0  0
21  4  6 33 32 33  5  0
7 26 30  0  0  0  0  0
21  8  0  0  0  0  0  0
33  9  0  0  0  0  0  0
12 33 11 31 33 20 21 10
33 13  0  0  0  0  0  0
0  0  0  0  0  0  0  0
37  0  0  0  0  0  0  0
20  0  0  0  0  0  0  0
34  0  0  0  0  0  0  0
0  0  0  0  0  0  0  0
35  0  0  0  0  0  0  0
0  0  0  0  0  0  0  0
36  0  0  0  0  0  0  0
22  0  0  0  0  0  0  0
21  0  0  0  0  0  0  0
18 34 17  0  0  0  0  0
19  0  0  0  0  0  0  0
0  0  0  0  0  0  0  0
19  0  0  0  0  0  0  0
0  0  0  0  0  0  0  0